# Dataset común: 200 libros de Gutenberg en inglés (tipo Text), todos con marcadores START/END.
# Los 15 primeros son los originales; el resto, los más descargados y ficción clásica.
1342
84
11
1661
2701
98
74
5
1080
345
2542
1952
46
174
76
1727
2641
2554
65238
3268
1513
2465
2868
67979
1260
34413
59828
1695
5197
21839
601
43
6133
831
42
2680
3011
468
51252
76639
564
47530
72
22541
75201
45839
3296
7326
42671
145
19476
71046
24739
8492
100
393
589
31100
36462
244
53874
103
37106
70854
1184
40284
24793
2852
1259
1212
1608
245
2148
1523
76178
204
161
2002
2147
223
209
224
108
27827
834
2825
48296
23
4499
2620
31472
3922
1063
69087
55179
863
175
68283
38311
38177
2097
921
76668
20203
221
51428
7889
53416
42389
57641
17460
18459
46276
53154
49987
36223
35548
14244
28203
36725
31635
32155
42681
1112
23784
15
16
24
27
32
33
35
36
41
44
45
47
51
60
62
64
68
73
77
78
79
81
82
83
85
86
90
91
92
93
94
95
102
105
106
107
110
111
112
119
120
121
122
123
125
126
131
133
134
135
139
140
141
142
143
144
149
152
153
154
155
157
158
159
160
164
165
166
169
170
171
172
173
176
177
